3.184429892951515740e+03 6.939115555454603168e+01 2.203690522560496079e-02 1.190077514622790156e-01 6.800910244416963346e-02 2.134362354409340006e-09 9.523205879546624564e-01
3.184429892951515740e+03 6.939115555454603168e+01 2.203690522560496079e-02 1.190077514622790156e-01 6.800910244416963346e-02 2.134362354409340006e-09 9.523205879546624564e-01
3.184429892951515740e+03 6.939115555454603168e+01 2.203690522560496079e-02 1.190077514622790156e-01 6.800910244416963346e-02 2.134362354409340006e-09 9.523205879546624564e-01
3.213425122706149068e+03 6.964496803987391615e+01 2.205773224156357126e-02 1.184549351435280201e-01 6.770248632417649737e-02 2.129364098153310019e-09 9.530369765543952321e-01
3.213425122706149068e+03 6.964496803987391615e+01 2.205773224156357126e-02 1.184549351435280201e-01 6.770248632417649737e-02 2.129364098153310019e-09 9.530369765543952321e-01
3.213425122706149068e+03 6.964496803987391615e+01 2.205773224156357126e-02 1.184549351435280201e-01 6.770248632417649737e-02 2.129364098153310019e-09 9.530369765543952321e-01
3.213425122706149068e+03 6.964496803987391615e+01 2.205773224156357126e-02 1.184549351435280201e-01 6.770248632417649737e-02 2.129364098153310019e-09 9.530369765543952321e-01
3.213425122706149068e+03 6.964496803987391615e+01 2.205773224156357126e-02 1.184549351435280201e-01 6.770248632417649737e-02 2.129364098153310019e-09 9.530369765543952321e-01
3.213425122706149068e+03 6.964496803987391615e+01 2.205773224156357126e-02 1.184549351435280201e-01 6.770248632417649737e-02 2.129364098153310019e-09 9.530369765543952321e-01
3.213425122706149068e+03 6.964496803987391615e+01 2.205773224156357126e-02 1.184549351435280201e-01 6.770248632417649737e-02 2.129364098153310019e-09 9.530369765543952321e-01
