3.272205355920220427e+03 6.900000000000000000e+01 2.199999999999999872e-02 1.199999999999999956e-01 5.999999999999999778e-02 2.100000000000000193e-09 9.499999999999999556e-01
2.944049504841845646e+03 6.956421426213103132e+01 2.203873609104109108e-02 1.180485359856835725e-01 8.350549149069501353e-02 2.206278647139629231e-09 9.589035867557678117e-01
2.944049504841845646e+03 6.956421426213103132e+01 2.203873609104109108e-02 1.180485359856835725e-01 8.350549149069501353e-02 2.206278647139629231e-09 9.589035867557678117e-01
3.333289519501743143e+03 6.797454610414595777e+01 2.167089257907455629e-02 1.217020060093853967e-01 4.602079940563315319e-02 2.037587708256740564e-09 9.524034167680329732e-01
3.333289519501743143e+03 6.797454610414595777e+01 2.167089257907455629e-02 1.217020060093853967e-01 4.602079940563315319e-02 2.037587708256740564e-09 9.524034167680329732e-01
3.333289519501743143e+03 6.797454610414595777e+01 2.167089257907455629e-02 1.217020060093853967e-01 4.602079940563315319e-02 2.037587708256740564e-09 9.524034167680329732e-01
7.293516836441942360e+03 6.416951580773803698e+01 2.122362394771278027e-02 1.295315694483456792e-01 1.000000000000000021e-02 1.811026830370412143e-09 9.328970664111755351e-01
7.293516836441942360e+03 6.416951580773803698e+01 2.122362394771278027e-02 1.295315694483456792e-01 1.000000000000000021e-02 1.811026830370412143e-09 9.328970664111755351e-01
7.293516836441942360e+03 6.416951580773803698e+01 2.122362394771278027e-02 1.295315694483456792e-01 1.000000000000000021e-02 1.811026830370412143e-09 9.328970664111755351e-01
7.293516836441942360e+03 6.416951580773803698e+01 2.122362394771278027e-02 1.295315694483456792e-01 1.000000000000000021e-02 1.811026830370412143e-09 9.328970664111755351e-01
3.497258949439394928e+04 6.315037263265766398e+01 2.098451415612266613e-02 1.309511622239183659e-01 1.000000000000000021e-02 1.516231594777652008e-09 9.231425414195655321e-01
3.497258949439394928e+04 6.315037263265766398e+01 2.098451415612266613e-02 1.309511622239183659e-01 1.000000000000000021e-02 1.516231594777652008e-09 9.231425414195655321e-01
3.721641619059108052e+04 6.344475767821537460e+01 2.123510749477797860e-02 1.314801316148202781e-01 1.000000000000000021e-02 1.500778695336964368e-09 9.253912065435495604e-01
8.081452133605348354e+04 6.317734438240774608e+01 2.134871715769585607e-02 1.322487022970504911e-01 1.000000000000000021e-02 1.249217904765340883e-09 9.208897498265417036e-01
7.539254632339248201e+04 6.500340442084274173e+01 2.184259800378569177e-02 1.284472569148588372e-01 2.395720377087479092e-02 1.298044074717369810e-09 9.321610335068354347e-01
7.539254632339248201e+04 6.500340442084274173e+01 2.184259800378569177e-02 1.284472569148588372e-01 2.395720377087479092e-02 1.298044074717369810e-09 9.321610335068354347e-01
7.539254632339248201e+04 6.500340442084274173e+01 2.184259800378569177e-02 1.284472569148588372e-01 2.395720377087479092e-02 1.298044074717369810e-09 9.321610335068354347e-01
7.539254632339248201e+04 6.500340442084274173e+01 2.184259800378569177e-02 1.284472569148588372e-01 2.395720377087479092e-02 1.298044074717369810e-09 9.321610335068354347e-01
6.052995177035576489e+04 6.476002056848821553e+01 2.199484741251291411e-02 1.298512623428182411e-01 5.783337965963634281e-02 1.483562931127847341e-09 9.264915264971188558e-01
6.052995177035576489e+04 6.476002056848821553e+01 2.199484741251291411e-02 1.298512623428182411e-01 5.783337965963634281e-02 1.483562931127847341e-09 9.264915264971188558e-01
3.884726036648832087e+04 6.591696336860611893e+01 2.209865614475955628e-02 1.267409120171150427e-01 1.642042128110686727e-01 2.004481620086966325e-09 9.319283681482486426e-01
3.882880514704612870e+04 6.505258125535934255e+01 2.139394425390716767e-02 1.272685351166295276e-01 1.614568132773799014e-01 1.986658511385887374e-09 9.396458326321102117e-01
3.294245692713854805e+04 6.628426462950321252e+01 2.145567800476451750e-02 1.240209096541575462e-01 2.764352802979582746e-01 2.547399418071113260e-09 9.473095192354914484e-01
3.294245692713854805e+04 6.628426462950321252e+01 2.145567800476451750e-02 1.240209096541575462e-01 2.764352802979582746e-01 2.547399418071113260e-09 9.473095192354914484e-01
3.281600639674411650e+04 6.626012530841570936e+01 2.164803177358655753e-02 1.243368667176978359e-01 3.148504746700130363e-01 2.756038123056644771e-09 9.431698067247740180e-01
3.281600639674411650e+04 6.626012530841570936e+01 2.164803177358655753e-02 1.243368667176978359e-01 3.148504746700130363e-01 2.756038123056644771e-09 9.431698067247740180e-01
3.281600639674411650e+04 6.626012530841570936e+01 2.164803177358655753e-02 1.243368667176978359e-01 3.148504746700130363e-01 2.756038123056644771e-09 9.431698067247740180e-01
3.285726126230979571e+04 6.544551522738336757e+01 2.201983190271382396e-02 1.270549357423164938e-01 2.510772869489844017e-01 2.445499682482074649e-09 9.356631190314104174e-01
3.360893639595959394e+04 6.663771653421588326e+01 2.194508972702660654e-02 1.246667133201800337e-01 2.474400859477001724e-01 2.406757526275730164e-09 9.429873072633409015e-01
3.360893639595959394e+04 6.663771653421588326e+01 2.194508972702660654e-02 1.246667133201800337e-01 2.474400859477001724e-01 2.406757526275730164e-09 9.429873072633409015e-01
3.683069972840107221e+04 6.695694475456313910e+01 2.196396421135866570e-02 1.246040840043378950e-01 1.936862786964787531e-01 2.130833416692892730e-09 9.441410204528458694e-01
3.428259657305666042e+04 6.647848600085467297e+01 2.171282595574713231e-02 1.247967803662973912e-01 2.354097613429009805e-01 2.343045350787960522e-09 9.434492802417105972e-01
3.428259657305666042e+04 6.647848600085467297e+01 2.171282595574713231e-02 1.247967803662973912e-01 2.354097613429009805e-01 2.343045350787960522e-09 9.434492802417105972e-01
3.392136398249174817e+04 6.774757122038079160e+01 2.196878777927591467e-02 1.222890120297007444e-01 2.402681057427089040e-01 2.354645525190982925e-09 9.507790148721589896e-01
3.392136398249174817e+04 6.774757122038079160e+01 2.196878777927591467e-02 1.222890120297007444e-01 2.402681057427089040e-01 2.354645525190982925e-09 9.507790148721589896e-01
3.392136398249174817e+04 6.774757122038079160e+01 2.196878777927591467e-02 1.222890120297007444e-01 2.402681057427089040e-01 2.354645525190982925e-09 9.507790148721589896e-01
3.392136398249174817e+04 6.774757122038079160e+01 2.196878777927591467e-02 1.222890120297007444e-01 2.402681057427089040e-01 2.354645525190982925e-09 9.507790148721589896e-01
3.483493209696511622e+04 6.889085976540992817e+01 2.207938879881333680e-02 1.205801762548012468e-01 2.163280691738729278e-01 2.223904192038996068e-09 9.605525671008929844e-01
3.304154920190277335e+04 7.000017281875153685e+01 2.236791345160259875e-02 1.187576699145234255e-01 2.580583612879390198e-01 2.427431119719791107e-09 9.659316619741324939e-01
3.336967112085301778e+04 7.001614237633519622e+01 2.240377774705876873e-02 1.189294822831954562e-01 2.431379263847336381e-01 2.350379220580108530e-09 9.690622453059881680e-01
3.322187005852606671e+04 7.011478661530070156e+01 2.253195897312089760e-02 1.187410120979341677e-01 2.472917069200317175e-01 2.369468559459271913e-09 9.695356778969925760e-01
3.341635207041433750e+04 7.367956511377585116e+01 2.312115586756986058e-02 1.120803365118388795e-01 3.195169975594677747e-01 2.688349017211475208e-09 9.886311529555558142e-01
3.341635207041433750e+04 7.367956511377585116e+01 2.312115586756986058e-02 1.120803365118388795e-01 3.195169975594677747e-01 2.688349017211475208e-09 9.886311529555558142e-01
3.295779736495071847e+04 7.160613529419921974e+01 2.265744663038309417e-02 1.169140089683557565e-01 2.865511906261542507e-01 2.553079222697103324e-09 9.809575806639704298e-01
3.283823123530541488e+04 7.160754606080750762e+01 2.284996194417533710e-02 1.178908056571721236e-01 3.073023872649516264e-01 2.664246103909915846e-09 9.843489261913278554e-01
3.283823123530541488e+04 7.160754606080750762e+01 2.284996194417533710e-02 1.178908056571721236e-01 3.073023872649516264e-01 2.664246103909915846e-09 9.843489261913278554e-01
3.346692248735559406e+04 7.190109029643370775e+01 2.293973196703267062e-02 1.183565450804642816e-01 2.509802539938336685e-01 2.387514621538040672e-09 9.800663259177880837e-01
3.346692248735559406e+04 7.190109029643370775e+01 2.293973196703267062e-02 1.183565450804642816e-01 2.509802539938336685e-01 2.387514621538040672e-09 9.800663259177880837e-01
3.346692248735559406e+04 7.190109029643370775e+01 2.293973196703267062e-02 1.183565450804642816e-01 2.509802539938336685e-01 2.387514621538040672e-09 9.800663259177880837e-01
3.346692248735559406e+04 7.190109029643370775e+01 2.293973196703267062e-02 1.183565450804642816e-01 2.509802539938336685e-01 2.387514621538040672e-09 9.800663259177880837e-01
3.346692248735559406e+04 7.190109029643370775e+01 2.293973196703267062e-02 1.183565450804642816e-01 2.509802539938336685e-01 2.387514621538040672e-09 9.800663259177880837e-01
3.346692248735559406e+04 7.190109029643370775e+01 2.293973196703267062e-02 1.183565450804642816e-01 2.509802539938336685e-01 2.387514621538040672e-09 9.800663259177880837e-01
3.508524049576719699e+04 7.336813900530694355e+01 2.362478945699965707e-02 1.157634858122641996e-01 3.589310313567556920e-01 2.916599303964449019e-09 9.838621160992154779e-01
3.508524049576719699e+04 7.336813900530694355e+01 2.362478945699965707e-02 1.157634858122641996e-01 3.589310313567556920e-01 2.916599303964449019e-09 9.838621160992154779e-01
3.544148479216113628e+04 7.465126320700144902e+01 2.383137201355346735e-02 1.136743519867386976e-01 3.663926860989004664e-01 2.940343379332999981e-09 9.915854111831740036e-01
3.647688021621064399e+04 7.286219461454795976e+01 2.410689032481156541e-02 1.176719389253719633e-01 3.705955617488050913e-01 2.982538941176957816e-09 9.764877349409584184e-01
3.363566131151128502e+04 6.944516005554785920e+01 2.334484970621049718e-02 1.240205704880544546e-01 3.167949730578001333e-01 2.762612092944265267e-09 9.563986975493987686e-01
3.363566131151128502e+04 6.944516005554785920e+01 2.334484970621049718e-02 1.240205704880544546e-01 3.167949730578001333e-01 2.762612092944265267e-09 9.563986975493987686e-01
3.363566131151128502e+04 6.944516005554785920e+01 2.334484970621049718e-02 1.240205704880544546e-01 3.167949730578001333e-01 2.762612092944265267e-09 9.563986975493987686e-01
3.363566131151128502e+04 6.944516005554785920e+01 2.334484970621049718e-02 1.240205704880544546e-01 3.167949730578001333e-01 2.762612092944265267e-09 9.563986975493987686e-01
3.363566131151128502e+04 6.944516005554785920e+01 2.334484970621049718e-02 1.240205704880544546e-01 3.167949730578001333e-01 2.762612092944265267e-09 9.563986975493987686e-01
3.363566131151128502e+04 6.944516005554785920e+01 2.334484970621049718e-02 1.240205704880544546e-01 3.167949730578001333e-01 2.762612092944265267e-09 9.563986975493987686e-01
3.309258027843972377e+04 7.105690116863870287e+01 2.347740295922932929e-02 1.206424036549575141e-01 2.985811372824704879e-01 2.642303225922026858e-09 9.724045722262499858e-01
3.309258027843972377e+04 7.105690116863870287e+01 2.347740295922932929e-02 1.206424036549575141e-01 2.985811372824704879e-01 2.642303225922026858e-09 9.724045722262499858e-01
3.284496201220966759e+04 7.083987864215826846e+01 2.324338924477659107e-02 1.200385421709035394e-01 3.046793075795358741e-01 2.675933757891774783e-09 9.689453388624942320e-01
3.306497347122000065e+04 6.906159189541740773e+01 2.249688630418261726e-02 1.221742411829847275e-01 2.364838064360472447e-01 2.341611746976124930e-09 9.643830438471687749e-01
3.306497347122000065e+04 6.906159189541740773e+01 2.249688630418261726e-02 1.221742411829847275e-01 2.364838064360472447e-01 2.341611746976124930e-09 9.643830438471687749e-01
3.367423080190819746e+04 6.703423214573179223e+01 2.217898140176797692e-02 1.268711194354249783e-01 2.217711547690932594e-01 2.295091832514640091e-09 9.524518853170202970e-01
3.346158615442577866e+04 6.636773932533048992e+01 2.201727509744376768e-02 1.280291818821671090e-01 2.267112038447027800e-01 2.320782027965523712e-09 9.537333441911378662e-01
3.346158615442577866e+04 6.636773932533048992e+01 2.201727509744376768e-02 1.280291818821671090e-01 2.267112038447027800e-01 2.320782027965523712e-09 9.537333441911378662e-01
3.256652186464620172e+04 6.758958992037341318e+01 2.247499247444359818e-02 1.254315456539911999e-01 2.467982650600002159e-01 2.400402276438226794e-09 9.667851379288688873e-01
3.256652186464620172e+04 6.758958992037341318e+01 2.247499247444359818e-02 1.254315456539911999e-01 2.467982650600002159e-01 2.400402276438226794e-09 9.667851379288688873e-01
3.256652186464620172e+04 6.758958992037341318e+01 2.247499247444359818e-02 1.254315456539911999e-01 2.467982650600002159e-01 2.400402276438226794e-09 9.667851379288688873e-01
3.252089954382690485e+04 6.729292783229429631e+01 2.230894466374930621e-02 1.248700098654131896e-01 2.541544298580332706e-01 2.426525958294009149e-09 9.691659405541505068e-01
3.252089954382690485e+04 6.729292783229429631e+01 2.230894466374930621e-02 1.248700098654131896e-01 2.541544298580332706e-01 2.426525958294009149e-09 9.691659405541505068e-01
3.252089954382690485e+04 6.729292783229429631e+01 2.230894466374930621e-02 1.248700098654131896e-01 2.541544298580332706e-01 2.426525958294009149e-09 9.691659405541505068e-01
3.252089954382690485e+04 6.729292783229429631e+01 2.230894466374930621e-02 1.248700098654131896e-01 2.541544298580332706e-01 2.426525958294009149e-09 9.691659405541505068e-01
3.271695898117400793e+04 6.711485269881336535e+01 2.203869956309604389e-02 1.255296099054090952e-01 2.393162079376316420e-01 2.368268524835743516e-09 9.619157789798541414e-01
3.386653023471253255e+04 6.636124329804437139e+01 2.141368231784475731e-02 1.262044435275858079e-01 2.142845769841119630e-01 2.246983849187635864e-09 9.586514962831591546e-01
3.386653023471253255e+04 6.636124329804437139e+01 2.141368231784475731e-02 1.262044435275858079e-01 2.142845769841119630e-01 2.246983849187635864e-09 9.586514962831591546e-01
3.153842640108678461e+04 6.639201401117395562e+01 2.134455347738483527e-02 1.254655753087905445e-01 2.952574501473109736e-01 2.664189089249897689e-09 9.584758344935550012e-01
3.192425122139587620e+04 6.495711420708188655e+01 2.054406200914535990e-02 1.274666103692902175e-01 3.118963234879481017e-01 2.764137440162804138e-09 9.535829393629368100e-01
3.233753417578533117e+04 6.499625242632232869e+01 2.077762714396426402e-02 1.280732257638341476e-01 3.097781006779068425e-01 2.751215014054277541e-09 9.519221608359860198e-01
3.233753417578533117e+04 6.499625242632232869e+01 2.077762714396426402e-02 1.280732257638341476e-01 3.097781006779068425e-01 2.751215014054277541e-09 9.519221608359860198e-01
3.187233103767770808e+04 6.420125510640507116e+01 2.031021388478125925e-02 1.301827914560551580e-01 2.697377677953761710e-01 2.565528024265827288e-09 9.497430402795714599e-01
3.187233103767770808e+04 6.420125510640507116e+01 2.031021388478125925e-02 1.301827914560551580e-01 2.697377677953761710e-01 2.565528024265827288e-09 9.497430402795714599e-01
3.187233103767770808e+04 6.420125510640507116e+01 2.031021388478125925e-02 1.301827914560551580e-01 2.697377677953761710e-01 2.565528024265827288e-09 9.497430402795714599e-01
3.187233103767770808e+04 6.420125510640507116e+01 2.031021388478125925e-02 1.301827914560551580e-01 2.697377677953761710e-01 2.565528024265827288e-09 9.497430402795714599e-01
3.230356461735374978e+04 6.219402572667112139e+01 2.004200743240066446e-02 1.343731310944423218e-01 2.497953750505968462e-01 2.488319150401085076e-09 9.367506603203227256e-01
3.223451146802813673e+04 6.185782052515796181e+01 2.003663978022542438e-02 1.340651054065691294e-01 2.561239886921293230e-01 2.511269159936391605e-09 9.381715867429757383e-01
3.223451146802813673e+04 6.185782052515796181e+01 2.003663978022542438e-02 1.340651054065691294e-01 2.561239886921293230e-01 2.511269159936391605e-09 9.381715867429757383e-01
3.219763263547224778e+04 6.048631220965436484e+01 1.976132444579887029e-02 1.379090850132121404e-01 2.384721068306149272e-01 2.454349203054195317e-09 9.286735565260672010e-01
3.232863253129671284e+04 6.141742813179065053e+01 1.970588430288643458e-02 1.349829653948772246e-01 2.492298605576459547e-01 2.489283235377789875e-09 9.337545978724890450e-01
3.232863253129671284e+04 6.141742813179065053e+01 1.970588430288643458e-02 1.349829653948772246e-01 2.492298605576459547e-01 2.489283235377789875e-09 9.337545978724890450e-01
3.290868382148233650e+04 6.084072360615888897e+01 1.977132083793927547e-02 1.361744674653759812e-01 2.180384789477035345e-01 2.339963876135299857e-09 9.285013635352072914e-01
3.323627029338813736e+04 5.990624769667486049e+01 1.942048538214827258e-02 1.375830548021660382e-01 2.006181595057260070e-01 2.266577014062762473e-09 9.241763867593437709e-01
3.323627029338813736e+04 5.990624769667486049e+01 1.942048538214827258e-02 1.375830548021660382e-01 2.006181595057260070e-01 2.266577014062762473e-09 9.241763867593437709e-01
3.431616266194279888e+04 6.132267155608698062e+01 1.963295200039861382e-02 1.342834427222919791e-01 1.966121493923633778e-01 2.218005367925605691e-09 9.314586038126045908e-01
3.431616266194279888e+04 6.132267155608698062e+01 1.963295200039861382e-02 1.342834427222919791e-01 1.966121493923633778e-01 2.218005367925605691e-09 9.314586038126045908e-01
3.226647749260994169e+04 6.111336229031962830e+01 1.926687733681269402e-02 1.352199546580760969e-01 2.388716377602273233e-01 2.455533568782572613e-09 9.264627229685636900e-01
