DFT of Cosine Window Function:
N = 1000
The first element in the DFT of the window is 500.5, which should be N/2 = 500.0
The second element in the DFT of the window is 250.1246510922356, which should be N/4 = 250.0
The last element in the DFT of the window is 250.1246510922356, which should be N/4 = 500.0
The rest of the elements in the DFT should be ~0, and are:
[2.50124651e+02 1.67110976e-01 6.26399441e-02 3.34036815e-02
 2.08759463e-02 1.43143001e-02 1.04371254e-02 7.95182023e-03
 6.26184091e-03 5.05989088e-03 4.17425087e-03 3.50272578e-03
 2.98135784e-03 2.56843596e-03 2.23580541e-03 1.96389912e-03
 1.73877284e-03 1.55027027e-03 1.39085115e-03 1.25482184e-03
 1.13781771e-03 1.03644729e-03 9.48042895e-04 8.70482804e-04
 8.02062381e-04 7.41399386e-04 6.87363444e-04 6.39022895e-04
 5.95604287e-04 5.56461187e-04 5.21049939e-04 4.88910656e-04
 4.59652190e-04 4.32940160e-04 4.08487339e-04 3.86045896e-04
 3.65401080e-04 3.46366063e-04 3.28777687e-04 3.12492959e-04
 2.97386130e-04 2.83346257e-04 2.70275161e-04 2.58085702e-04
 2.46700324e-04 2.36049817e-04 2.26072259e-04 2.16712120e-04
 2.07919478e-04 1.99649361e-04 1.91861164e-04 1.84518151e-04
 1.77587022e-04 1.71037532e-04 1.64842166e-04 1.58975840e-04
 1.53415656e-04 1.48140673e-04 1.43131711e-04 1.38371173e-04
 1.33842898e-04 1.29532014e-04 1.25424824e-04 1.21508689e-04
 1.17771940e-04 1.14203783e-04 1.10794223e-04 1.07533997e-04
 1.04414507e-04 1.01427766e-04 9.85663445e-05 9.58233271e-05
 9.31922679e-05 9.06671540e-05 8.82423708e-05 8.59126707e-05
 8.36731450e-05 8.15191973e-05 7.94465208e-05 7.74510759e-05
 7.55290712e-05 7.36769450e-05 7.18913487e-05 7.01691323e-05
 6.85073298e-05 6.69031466e-05 6.53539481e-05 6.38572483e-05
 6.24107003e-05 6.10120868e-05 5.96593117e-05 5.83503923e-05
 5.70834517e-05 5.58567125e-05 5.46684906e-05 5.35171887e-05
 5.24012917e-05 5.13193615e-05 5.02700320e-05 4.92520053e-05
 4.82640475e-05 4.73049846e-05 4.63736996e-05 4.54691288e-05
 4.45902590e-05 4.37361245e-05 4.29058046e-05 4.20984210e-05
 4.13131355e-05 4.05491479e-05 3.98056937e-05 3.90820426e-05
 3.83774963e-05 3.76913872e-05 3.70230764e-05 3.63719525e-05
 3.57374301e-05 3.51189487e-05 3.45159708e-05 3.39279817e-05
 3.33544876e-05 3.27950149e-05 3.22491093e-05 3.17163345e-05
 3.11962717e-05 3.06885189e-05 3.01926895e-05 2.97084120e-05
 2.92353295e-05 2.87730986e-05 2.83213889e-05 2.78798825e-05
 2.74482735e-05 2.70262674e-05 2.66135803e-05 2.62099390e-05
 2.58150800e-05 2.54287496e-05 2.50507028e-05 2.46807038e-05
 2.43185247e-05 2.39639457e-05 2.36167550e-05 2.32767475e-05
 2.29437258e-05 2.26174988e-05 2.22978820e-05 2.19846971e-05
 2.16777719e-05 2.13769398e-05 2.10820397e-05 2.07929157e-05
 2.05094171e-05 2.02313981e-05 1.99587175e-05 1.96912386e-05
 1.94288292e-05 1.91713610e-05 1.89187099e-05 1.86707558e-05
 1.84273820e-05 1.81884756e-05 1.79539270e-05 1.77236302e-05
 1.74974821e-05 1.72753828e-05 1.70572356e-05 1.68429462e-05
 1.66324236e-05 1.64255791e-05 1.62223267e-05 1.60225829e-05
 1.58262667e-05 1.56332992e-05 1.54436040e-05 1.52571066e-05
 1.50737349e-05 1.48934185e-05 1.47160892e-05 1.45416805e-05
 1.43701280e-05 1.42013688e-05 1.40353418e-05 1.38719875e-05
 1.37112482e-05 1.35530676e-05 1.33973908e-05 1.32441646e-05
 1.30933370e-05 1.29448574e-05 1.27986767e-05 1.26547468e-05
 1.25130210e-05 1.23734537e-05 1.22360007e-05 1.21006187e-05
 1.19672655e-05 1.18359000e-05 1.17064823e-05 1.15789732e-05
 1.14533346e-05 1.13295294e-05 1.12075215e-05 1.10872753e-05
 1.09687565e-05 1.08519313e-05 1.07367669e-05 1.06232313e-05
 1.05112932e-05 1.04009219e-05 1.02920877e-05 1.01847615e-05
 1.00789147e-05 9.97451965e-06 9.87154913e-06 9.76997664e-06
 9.66977626e-06 9.57092269e-06 9.47339117e-06 9.37715751e-06
 9.28219808e-06 9.18848978e-06 9.09601001e-06 9.00473668e-06
 8.91464817e-06 8.82572338e-06 8.73794163e-06 8.65128272e-06
 8.56572687e-06 8.48125473e-06 8.39784737e-06 8.31548629e-06
 8.23415334e-06 8.15383078e-06 8.07450126e-06 7.99614776e-06
 7.91875365e-06 7.84230262e-06 7.76677872e-06 7.69216635e-06
 7.61845016e-06 7.54561520e-06 7.47364676e-06 7.40253046e-06
 7.33225223e-06 7.26279823e-06 7.19415495e-06 7.12630914e-06
 7.05924778e-06 6.99295815e-06 6.92742777e-06 6.86264439e-06
 6.79859601e-06 6.73527088e-06 6.67265746e-06 6.61074442e-06
 6.54952070e-06 6.48897542e-06 6.42909786e-06 6.36987759e-06
 6.31130435e-06 6.25336804e-06 6.19605879e-06 6.13936690e-06
 6.08328284e-06 6.02779729e-06 5.97290106e-06 5.91858518e-06
 5.86484078e-06 5.81165922e-06 5.75903198e-06 5.70695069e-06
 5.65540716e-06 5.60439332e-06 5.55390127e-06 5.50392322e-06
 5.45445155e-06 5.40547876e-06 5.35699748e-06 5.30900050e-06
 5.26148067e-06 5.21443104e-06 5.16784473e-06 5.12171501e-06
 5.07603524e-06 5.03079892e-06 4.98599965e-06 4.94163112e-06
 4.89768718e-06 4.85416172e-06 4.81104878e-06 4.76834249e-06
 4.72603705e-06 4.68412680e-06 4.64260615e-06 4.60146959e-06
 4.56071175e-06 4.52032729e-06 4.48031099e-06 4.44065772e-06
 4.40136241e-06 4.36242009e-06 4.32382585e-06 4.28557490e-06
 4.24766248e-06 4.21008393e-06 4.17283467e-06 4.13591017e-06
 4.09930600e-06 4.06301776e-06 4.02704117e-06 3.99137198e-06
 3.95600601e-06 3.92093916e-06 3.88616737e-06 3.85168667e-06
 3.81749312e-06 3.78358288e-06 3.74995213e-06 3.71659712e-06
 3.68351418e-06 3.65069965e-06 3.61814997e-06 3.58586159e-06
 3.55383105e-06 3.52205493e-06 3.49052985e-06 3.45925248e-06
 3.42821955e-06 3.39742783e-06 3.36687414e-06 3.33655535e-06
 3.30646836e-06 3.27661014e-06 3.24697767e-06 3.21756799e-06
 3.18837820e-06 3.15940540e-06 3.13064677e-06 3.10209951e-06
 3.07376086e-06 3.04562810e-06 3.01769854e-06 2.98996955e-06
 2.96243849e-06 2.93510283e-06 2.90795999e-06 2.88100750e-06
 2.85424286e-06 2.82766365e-06 2.80126745e-06 2.77505189e-06
 2.74901465e-06 2.72315339e-06 2.69746583e-06 2.67194974e-06
 2.64660288e-06 2.62142306e-06 2.59640811e-06 2.57155589e-06
 2.54686432e-06 2.52233128e-06 2.49795472e-06 2.47373261e-06
 2.44966295e-06 2.42574375e-06 2.40197307e-06 2.37834896e-06
 2.35486951e-06 2.33153284e-06 2.30833708e-06 2.28528040e-06
 2.26236098e-06 2.23957702e-06 2.21692675e-06 2.19440839e-06
 2.17202024e-06 2.14976056e-06 2.12762768e-06 2.10561990e-06
 2.08373559e-06 2.06197310e-06 2.04033080e-06 2.01880712e-06
 1.99740046e-06 1.97610926e-06 1.95493196e-06 1.93386706e-06
 1.91291303e-06 1.89206838e-06 1.87133161e-06 1.85070128e-06
 1.83017593e-06 1.80975413e-06 1.78943447e-06 1.76921554e-06
 1.74909594e-06 1.72907431e-06 1.70914929e-06 1.68931953e-06
 1.66958370e-06 1.64994047e-06 1.63038856e-06 1.61092665e-06
 1.59155347e-06 1.57226775e-06 1.55306823e-06 1.53395370e-06
 1.51492288e-06 1.49597457e-06 1.47710757e-06 1.45832067e-06
 1.43961270e-06 1.42098246e-06 1.40242880e-06 1.38395058e-06
 1.36554663e-06 1.34721582e-06 1.32895704e-06 1.31076917e-06
 1.29265109e-06 1.27460173e-06 1.25661998e-06 1.23870478e-06
 1.22085505e-06 1.20306975e-06 1.18534780e-06 1.16768817e-06
 1.15008983e-06 1.13255176e-06 1.11507292e-06 1.09765232e-06
 1.08028894e-06 1.06298179e-06 1.04572989e-06 1.02853225e-06
 1.01138789e-06 9.94295856e-07 9.77255186e-07 9.60264899e-07
 9.43324102e-07 9.26431803e-07 9.09587089e-07 8.92789027e-07
 8.76036692e-07 8.59329169e-07 8.42665551e-07 8.26044924e-07
 8.09466387e-07 7.92929055e-07 7.76432030e-07 7.59974422e-07
 7.43555363e-07 7.27173974e-07 7.10829375e-07 6.94520715e-07
 6.78247121e-07 6.62007740e-07 6.45801723e-07 6.29628212e-07
 6.13486369e-07 5.97375355e-07 5.81294324e-07 5.65242450e-07
 5.49218908e-07 5.33222861e-07 5.17253495e-07 5.01309985e-07
 4.85391514e-07 4.69497275e-07 4.53626449e-07 4.37778232e-07
 4.21951824e-07 4.06146423e-07 3.90361219e-07 3.74595424e-07
 3.58848246e-07 3.43118886e-07 3.27406560e-07 3.11710468e-07
 2.96029836e-07 2.80363873e-07 2.64711795e-07 2.49072833e-07
 2.33446201e-07 2.17831111e-07 2.02226807e-07 1.86632496e-07
 1.71047411e-07 1.55470775e-07 1.39901828e-07 1.24339786e-07
 1.08783891e-07 9.32333646e-08 7.76874421e-08 6.21453503e-08
 4.66063305e-08 3.10696115e-08 1.55344208e-08 4.88526846e-15
 1.55344212e-08 3.10696115e-08 4.66063282e-08 6.21453503e-08
 7.76874436e-08 9.32333646e-08 1.08783892e-07 1.24339786e-07
 1.39901827e-07 1.55470775e-07 1.71047408e-07 1.86632496e-07
 2.02226810e-07 2.17831111e-07 2.33446201e-07 2.49072833e-07
 2.64711794e-07 2.80363873e-07 2.96029838e-07 3.11710468e-07
 3.27406556e-07 3.43118886e-07 3.58848246e-07 3.74595424e-07
 3.90361219e-07 4.06146423e-07 4.21951826e-07 4.37778232e-07
 4.53626447e-07 4.69497275e-07 4.85391513e-07 5.01309985e-07
 5.17253497e-07 5.33222861e-07 5.49218907e-07 5.65242450e-07
 5.81294325e-07 5.97375355e-07 6.13486371e-07 6.29628212e-07
 6.45801721e-07 6.62007740e-07 6.78247121e-07 6.94520715e-07
 7.10829381e-07 7.27173974e-07 7.43555363e-07 7.59974422e-07
 7.76432029e-07 7.92929055e-07 8.09466388e-07 8.26044924e-07
 8.42665550e-07 8.59329169e-07 8.76036691e-07 8.92789027e-07
 9.09587090e-07 9.26431803e-07 9.43324101e-07 9.60264899e-07
 9.77255182e-07 9.94295856e-07 1.01138789e-06 1.02853225e-06
 1.04572989e-06 1.06298179e-06 1.08028894e-06 1.09765232e-06
 1.11507292e-06 1.13255176e-06 1.15008983e-06 1.16768817e-06
 1.18534780e-06 1.20306975e-06 1.22085505e-06 1.23870478e-06
 1.25661998e-06 1.27460173e-06 1.29265110e-06 1.31076917e-06
 1.32895704e-06 1.34721582e-06 1.36554663e-06 1.38395058e-06
 1.40242880e-06 1.42098246e-06 1.43961270e-06 1.45832067e-06
 1.47710757e-06 1.49597457e-06 1.51492288e-06 1.53395370e-06
 1.55306824e-06 1.57226775e-06 1.59155347e-06 1.61092665e-06
 1.63038855e-06 1.64994047e-06 1.66958369e-06 1.68931953e-06
 1.70914929e-06 1.72907431e-06 1.74909594e-06 1.76921554e-06
 1.78943447e-06 1.80975413e-06 1.83017594e-06 1.85070128e-06
 1.87133161e-06 1.89206838e-06 1.91291303e-06 1.93386706e-06
 1.95493196e-06 1.97610926e-06 1.99740045e-06 2.01880712e-06
 2.04033081e-06 2.06197310e-06 2.08373559e-06 2.10561990e-06
 2.12762768e-06 2.14976056e-06 2.17202024e-06 2.19440839e-06
 2.21692675e-06 2.23957702e-06 2.26236098e-06 2.28528040e-06
 2.30833708e-06 2.33153284e-06 2.35486951e-06 2.37834896e-06
 2.40197307e-06 2.42574375e-06 2.44966295e-06 2.47373261e-06
 2.49795472e-06 2.52233128e-06 2.54686432e-06 2.57155589e-06
 2.59640811e-06 2.62142306e-06 2.64660288e-06 2.67194974e-06
 2.69746583e-06 2.72315339e-06 2.74901465e-06 2.77505189e-06
 2.80126745e-06 2.82766365e-06 2.85424286e-06 2.88100750e-06
 2.90795999e-06 2.93510283e-06 2.96243850e-06 2.98996955e-06
 3.01769854e-06 3.04562810e-06 3.07376086e-06 3.10209951e-06
 3.13064678e-06 3.15940540e-06 3.18837820e-06 3.21756799e-06
 3.24697766e-06 3.27661014e-06 3.30646837e-06 3.33655535e-06
 3.36687414e-06 3.39742783e-06 3.42821954e-06 3.45925248e-06
 3.49052985e-06 3.52205493e-06 3.55383105e-06 3.58586159e-06
 3.61814996e-06 3.65069965e-06 3.68351418e-06 3.71659712e-06
 3.74995213e-06 3.78358288e-06 3.81749312e-06 3.85168667e-06
 3.88616737e-06 3.92093916e-06 3.95600601e-06 3.99137198e-06
 4.02704117e-06 4.06301776e-06 4.09930600e-06 4.13591017e-06
 4.17283467e-06 4.21008393e-06 4.24766248e-06 4.28557490e-06
 4.32382585e-06 4.36242009e-06 4.40136241e-06 4.44065772e-06
 4.48031100e-06 4.52032729e-06 4.56071175e-06 4.60146959e-06
 4.64260614e-06 4.68412680e-06 4.72603705e-06 4.76834249e-06
 4.81104878e-06 4.85416172e-06 4.89768718e-06 4.94163112e-06
 4.98599965e-06 5.03079892e-06 5.07603524e-06 5.12171501e-06
 5.16784473e-06 5.21443104e-06 5.26148067e-06 5.30900050e-06
 5.35699749e-06 5.40547876e-06 5.45445155e-06 5.50392322e-06
 5.55390126e-06 5.60439332e-06 5.65540715e-06 5.70695069e-06
 5.75903198e-06 5.81165922e-06 5.86484078e-06 5.91858518e-06
 5.97290106e-06 6.02779729e-06 6.08328284e-06 6.13936690e-06
 6.19605879e-06 6.25336804e-06 6.31130435e-06 6.36987759e-06
 6.42909786e-06 6.48897542e-06 6.54952070e-06 6.61074442e-06
 6.67265746e-06 6.73527088e-06 6.79859601e-06 6.86264439e-06
 6.92742777e-06 6.99295815e-06 7.05924778e-06 7.12630914e-06
 7.19415496e-06 7.26279823e-06 7.33225222e-06 7.40253046e-06
 7.47364676e-06 7.54561520e-06 7.61845017e-06 7.69216635e-06
 7.76677873e-06 7.84230262e-06 7.91875365e-06 7.99614776e-06
 8.07450126e-06 8.15383078e-06 8.23415334e-06 8.31548629e-06
 8.39784738e-06 8.48125473e-06 8.56572687e-06 8.65128272e-06
 8.73794163e-06 8.82572338e-06 8.91464817e-06 9.00473668e-06
 9.09601001e-06 9.18848978e-06 9.28219808e-06 9.37715751e-06
 9.47339117e-06 9.57092269e-06 9.66977626e-06 9.76997664e-06
 9.87154913e-06 9.97451965e-06 1.00789147e-05 1.01847615e-05
 1.02920877e-05 1.04009219e-05 1.05112932e-05 1.06232313e-05
 1.07367669e-05 1.08519313e-05 1.09687564e-05 1.10872753e-05
 1.12075215e-05 1.13295294e-05 1.14533346e-05 1.15789732e-05
 1.17064823e-05 1.18359000e-05 1.19672655e-05 1.21006187e-05
 1.22360007e-05 1.23734537e-05 1.25130210e-05 1.26547468e-05
 1.27986767e-05 1.29448574e-05 1.30933370e-05 1.32441646e-05
 1.33973908e-05 1.35530676e-05 1.37112482e-05 1.38719875e-05
 1.40353418e-05 1.42013688e-05 1.43701280e-05 1.45416805e-05
 1.47160892e-05 1.48934185e-05 1.50737349e-05 1.52571066e-05
 1.54436040e-05 1.56332992e-05 1.58262667e-05 1.60225829e-05
 1.62223267e-05 1.64255791e-05 1.66324236e-05 1.68429462e-05
 1.70572356e-05 1.72753828e-05 1.74974821e-05 1.77236302e-05
 1.79539270e-05 1.81884756e-05 1.84273820e-05 1.86707558e-05
 1.89187099e-05 1.91713610e-05 1.94288292e-05 1.96912386e-05
 1.99587175e-05 2.02313981e-05 2.05094171e-05 2.07929157e-05
 2.10820397e-05 2.13769398e-05 2.16777719e-05 2.19846971e-05
 2.22978820e-05 2.26174988e-05 2.29437258e-05 2.32767475e-05
 2.36167550e-05 2.39639457e-05 2.43185247e-05 2.46807038e-05
 2.50507028e-05 2.54287496e-05 2.58150800e-05 2.62099390e-05
 2.66135803e-05 2.70262674e-05 2.74482735e-05 2.78798825e-05
 2.83213889e-05 2.87730986e-05 2.92353295e-05 2.97084120e-05
 3.01926895e-05 3.06885189e-05 3.11962717e-05 3.17163345e-05
 3.22491093e-05 3.27950149e-05 3.33544876e-05 3.39279817e-05
 3.45159708e-05 3.51189487e-05 3.57374301e-05 3.63719525e-05
 3.70230764e-05 3.76913872e-05 3.83774963e-05 3.90820426e-05
 3.98056937e-05 4.05491479e-05 4.13131355e-05 4.20984210e-05
 4.29058046e-05 4.37361245e-05 4.45902590e-05 4.54691288e-05
 4.63736996e-05 4.73049846e-05 4.82640475e-05 4.92520053e-05
 5.02700320e-05 5.13193615e-05 5.24012917e-05 5.35171887e-05
 5.46684906e-05 5.58567125e-05 5.70834517e-05 5.83503923e-05
 5.96593117e-05 6.10120868e-05 6.24107003e-05 6.38572483e-05
 6.53539481e-05 6.69031466e-05 6.85073298e-05 7.01691323e-05
 7.18913487e-05 7.36769450e-05 7.55290712e-05 7.74510759e-05
 7.94465208e-05 8.15191973e-05 8.36731450e-05 8.59126707e-05
 8.82423708e-05 9.06671540e-05 9.31922679e-05 9.58233271e-05
 9.85663445e-05 1.01427766e-04 1.04414507e-04 1.07533997e-04
 1.10794223e-04 1.14203783e-04 1.17771940e-04 1.21508689e-04
 1.25424824e-04 1.29532014e-04 1.33842898e-04 1.38371173e-04
 1.43131711e-04 1.48140673e-04 1.53415656e-04 1.58975840e-04
 1.64842166e-04 1.71037532e-04 1.77587022e-04 1.84518151e-04
 1.91861164e-04 1.99649361e-04 2.07919478e-04 2.16712120e-04
 2.26072259e-04 2.36049817e-04 2.46700324e-04 2.58085702e-04
 2.70275161e-04 2.83346257e-04 2.97386130e-04 3.12492959e-04
 3.28777687e-04 3.46366063e-04 3.65401080e-04 3.86045896e-04
 4.08487339e-04 4.32940160e-04 4.59652190e-04 4.88910656e-04
 5.21049939e-04 5.56461187e-04 5.95604287e-04 6.39022895e-04
 6.87363444e-04 7.41399386e-04 8.02062381e-04 8.70482804e-04
 9.48042895e-04 1.03644729e-03 1.13781771e-03 1.25482184e-03
 1.39085115e-03 1.55027027e-03 1.73877284e-03 1.96389912e-03
 2.23580541e-03 2.56843596e-03 2.98135784e-03 3.50272578e-03
 4.17425087e-03 5.05989088e-03 6.26184091e-03 7.95182023e-03
 1.04371254e-02 1.43143001e-02 2.08759463e-02 3.34036815e-02
 6.26399441e-02 1.67110976e-01]