N = 100
The multiples of N are [  1   2   4   5  10  20  25  50 100]
The non-multiple integers of N are [ 3  6  7  8  9 11 12 13 14 15 16 17 18 19 21 22 23 24 26 27 28 29 30 31
 32 33 34 35 36 37 38 39 40 41 42 43 44 45 46 47 48 49 51 52 53 54 55 56
 57 58 59 60 61 62 63 64 65 66 67 68 69 70 71 72 73 74 75 76 77 78 79 80
 81 82 83 84 85 86 87 88 89 90 91 92 93 94 95 96 97 98 99]
==========================================================
The following are the values of the sum from question 5(a)
for integers k that are not a multiple of N:

3.903948830755711e-15
3.921351929422267e-15
3.9297699709377016e-15
3.939514591795342e-15
3.9505994828295305e-15
1.4464944327208666e-14
3.992062328522839e-15
4.9368834284253745e-15
4.0267470794649085e-15
1.1871798816524969e-14
4.06729618054155e-15
2.889380067596057e-15
4.11394924464657e-15
1.0460267691330353e-14
1.6004961841187575e-15
1.5373833544590596e-14
9.631463838505562e-15
4.293572045661132e-15
5.379306505533579e-15
9.144325839475417e-15
4.450294748029909e-15
1.5667321649389337e-18
1.3324031299702526e-14
8.88561403174444e-15
4.64140725292424e-15
5.676738709814687e-16
3.3568479020983354e-15
8.797890097333337e-15
4.87245431589927e-15
1.066166762510696e-15
1.2647217232136211e-14
8.852169658789553e-15
5.150679389351002e-15
1.6327497667396266e-14
2.0255470876615525e-15
9.036318730313618e-15
1.995271812487746e-14
1.9826060882551927e-15
1.2840050265156706e-14
4.924154653059128e-15
5.889927061537381e-15
1.666713457701352e-14
9.803249666382024e-15
7.858197717797318e-15
2.951011048168947e-15
1.3827554470083646e-14
3.971479139591222e-15
6.981686945583078e-15
1.8073905971755908e-14
2.556231251706244e-18
1.1223784925933383e-14
2.2668195991199666e-14
4.163791975844868e-15
1.5808355809593092e-14
3.2065937009905324e-15
8.662141006043145e-15
2.089585735392796e-14
1.1151820920988681e-15
1.3660129126045215e-14
6.9679757157172955e-15
5.921248047219263e-15
1.9379018068397164e-14
2.4845109272329572e-15
1.1443615066362624e-14
2.6126881022875876e-14
2.684558542679379e-15
1.8013636711320478e-14
3.435581011889026e-14
8.886982047052534e-15
2.6132798041563815e-14
1.6045358219914113e-15
1.6667948634246948e-14
3.660983569400006e-14
5.852336262325303e-14
2.8886504837734816e-14
8.144871151591425e-15
1.5103364757380865e-14
4.1423784997708557e-14
7.155519698508936e-14
1.0648189852328807e-13
2.026407872086024e-14
1.2673716675831744e-14
5.2679097049691757e-14
1.0244729111348496e-13
1.6621285514761097e-13
5.232433224462413e-14
6.239057072540562e-15
9.380280822151328e-14
2.394816588822762e-13
5.306186499841388e-13
4.057524496095108e-13