-------------------------------
(1)
rk4_step error (200 steps) =  0.00011776140531974458
rk4_stepd error (200 steps) =  0.02890610767690144
rk4_stepd error (73 steps) =  0.05891211390122789
-------------------------------
0.0
6.1784159474640084e-30
1.2291319043097357e-29
1.8338679032787133e-29
2.4320468699604122e-29
3.0236663899454655e-29
3.608724359703102e-29
4.187218990206505e-29
4.759148810588376e-29
5.324512671826407e-29
5.883309750460256e-29
6.435539552338876e-29
6.981201916399196e-29
7.520297018476088e-29
8.05282537514391e-29
8.578787847590072e-29
9.098185645520359e-29
9.611020331096649e-29
1.0117293822907448e-28
1.0617008399970737e-28
1.1110166705769914e-28
1.1596771752323372e-28
1.2076826924287136e-28
1.2550335983091243e-28
1.3017303071110392e-28
1.347773271586843e-28
1.3931629834277848e-28
1.437899973691313e-28
1.4819848132320118e-28
1.5254181131359767e-28
1.5682005251587614e-28
1.6103327421669365e-28
1.6518154985831857e-28
1.6926495708350721e-28
1.7328357778074384e-28
1.77237498129849e-28
1.8112680864795693e-28
1.8495160423586944e-28
1.8871198422478144e-28
1.924080524233882e-28
1.9603991716537226e-28
1.9960769135727531e-28
2.031114925267553e-28
2.065514428712364e-28
2.099276693069463e-28
2.132403035183541e-28
2.1648948200800315e-28
2.1967534614674445e-28
2.227980422243765e-28
2.2585772150068936e-28
2.2885454025691884e-28
2.3178865984761495e-28
2.3466024675292386e-28
2.374694726312894e-28
2.4021651437257624e-28
2.4290155415161673e-28
2.455247794821862e-28
2.4808638327140917e-28
2.5058656387459815e-28
2.5302552515053016e-28
2.554034765171636e-28
2.577206330077972e-28
2.5997721532767575e-28
2.621734499110465e-28
2.6430956897866576e-28
2.6638581059576436e-28
2.684024187304695e-28
2.70359643312692e-28
2.722577402934765e-28
2.740969717048231e-28
2.758776057199804e-28
2.7759991671421356e-28
2.7926418532605428e-28
2.808706985190299e-28
2.8241974964388136e-28
2.8391163850126964e-28
2.853466714049751e-28
2.867251612455936e-28
2.8804742755473293e-28
2.8931379656971185e-28
2.9052460129876813e-28
2.9168018158677572e-28
2.927808841814766e-28
2.938270628002323e-28
2.9481907819729465e-28
2.957572982316041e-28
2.966420979351166e-28
2.974738595816625e-28
2.9825297275634413e-28
2.9897983442547126e-28
2.9965484900704385e-28
3.002784284417808e-28
3.008509922647014e-28
3.0137296767726325e-28
3.0184478962005973e-28
3.022669008460813e-28
3.0263975199454464e-28
3.029638016652941e-28
3.032395164937783e-28
3.0346737122660753e-28
3.0364784879769453e-28
3.0378144040498447e-28
3.0386864558777554e-28
3.0390997230463807e-28
3.0390593701193287e-28
3.038570647429354e-28
3.037638891875684e-28
3.036269527727494e-28
3.0344680674335375e-28
3.0322401124380276e-28
3.0295913540027555e-28
3.0265275740355376e-28
3.023054645925012e-28
3.019178535381827e-28
3.0149053012862795e-28
3.0102410965424464e-28
3.005192168938835e-28
2.9997648620156305e-28
2.9939656159385644e-28
2.987800968379443e-28
2.981277555403419e-28
2.9744021123630114e-28
2.967181474798945e-28
2.95962257934785e-28
2.951732464656881e-28
2.943518272305285e-28
2.934987247732969e-28
2.926146741176147e-28
2.917004208610065e-28
2.907567212698906e-28
2.8978434237528818e-28
2.8878406206925814e-28
2.8775666920206474e-28
2.8670296368007714e-28
2.856237565644141e-28
2.845198701703306e-28
2.8339213816735863e-28
2.822414056802036e-28
2.810685293904015e-28
2.798743776387441e-28
2.786598305284768e-28
2.774257800292731e-28
2.7617313008199387e-28
2.749027967042329e-28
2.7361570809665897e-28
2.723128047501567e-28
2.7099503955377186e-28
2.6966337790346863e-28
2.683187978117021e-28
2.669622900178145e-28
2.6559485809925764e-28
2.642175185836502e-28
2.628313010616735e-28
2.6143724830081242e-28
2.600364163599492e-28
2.586298747048107e-28
2.572187063242829e-28
2.5580400784758975e-28
2.5438688966235156e-28
2.529684760335205e-28
2.5154990522320495e-28
2.5013232961138728e-28
2.4871691581754093e-28
2.473048448231522e-28
2.4589731209515424e-28
2.4449552771028123e-28
2.4310071648034374e-28
2.417141180784377e-28
2.403369871660904e-28
2.3897059352134855e-28
2.376162221678188e-28
2.3627517350466523e-28
2.34948763437568e-28
2.3363832351065554e-28
2.3234520103941045e-28
2.3107075924456206e-28
2.2981637738696696e-28
2.285834509034888e-28
2.273733915438797e-28
2.261876275086763e-28
2.2502760358810998e-28
2.2389478130204527e-28
2.227906390409489e-28
2.217166722078977e-28
2.206743933616339e-28
2.1966533236067395e-28
2.186910365084765e-28
2.177530706996806e-28
2.16853017567419e-28
2.1599247763171283e-28
2.151730694489578e-28
2.143964297625084e-28
2.1366421365436637e-28
2.1297809469798332e-28
2.1233976511218236e-28
2.1175093591621055e-28
2.1121333708592343e-28
2.107287177111174e-28
2.1029884615401154e-28
2.099255102088884e-28
2.0961051726290433e-28
2.093556944580741e-28
2.091628888544387e-28
2.0903396759442504e-28
2.0897081806840607e-28
2.0897534808146835e-28
2.090494860213968e-28
2.0919518102788092e-28
2.094144031629592e-28
2.09709143582701e-28
2.1008141471013838e-28
2.1053325040945944e-28
2.1106670616146502e-28
2.1168385924030406e-28
2.123868088914926e-28
2.131776765112225e-28
2.140586058269796e-28
2.150317630794664e-28
2.160993372058453e-28
2.1726354002431466e-28
2.185266064200192e-28
2.1989079453230803e-28
2.21358385943351e-28
2.229316858681171e-28
2.246130233457312e-28
2.264047514322123e-28
2.2830924739460757e-28
2.3032891290652762e-28
2.324661742450958e-28
2.3472348248931817e-28
2.371033137198875e-28
2.3960816922042774e-28
2.4224057568019035e-28
2.450030853982112e-28
2.4789827648894015e-28
2.5092875308935156e-28
2.540971455675445e-28
2.5740611073284845e-28
2.6085833204743433e-28
2.6445651983945726e-28
2.682034115177199e-28
2.721017717878878e-28
2.7615439287025363e-28
2.8036409471906735e-28
2.847337252434379e-28
2.8926616052982225e-28
2.9396430506611126e-28
2.988310919673188e-28
3.0386948320288973e-28
3.0908246982563814e-28
3.144730722023243e-28
3.200443402458798e-28
3.2579935364929855e-28
3.3174122212119575e-28
3.3787308562305787e-28
3.441981146081825e-28
3.5071951026232685e-28
3.574405047460805e-28
3.643643614389584e-28
3.714943751852442e-28
3.7883387254158676e-28
3.863862120263595e-28
3.941547843707954e-28
4.021430127719217e-28
4.10354353147283e-28
4.187922943914913e-28
4.27460358634591e-28
4.363621015022723e-28
4.455011123779264e-28
4.548810146665731e-28
4.645054660606559e-28
4.7437815880773725e-28
4.8450281998007875e-28
4.948832117461521e-28
5.055231316440674e-28
5.1642641285694565e-28
5.275969244902448e-28
5.390385718510458e-28
5.507552967293292e-28
5.627510776812348e-28
5.750299303143358e-28
5.875959075749241e-28
6.004531000373411e-28
6.136056361953411e-28
6.270576827555297e-28
6.408134449328669e-28
6.548771667482669e-28
6.6925313132829225e-28
6.839456612069725e-28
6.98959118629752e-28
7.142979058595825e-28
7.299664654851728e-28
7.459692807314201e-28
7.623108757720258e-28
7.78995816044314e-28
7.9602870856627455e-28
8.134142022558288e-28
8.311569882523597e-28
8.492618002404887e-28
8.677334147761431e-28
8.865766516149162e-28
9.057963740427298e-28
9.253974892088306e-28
9.453849484611197e-28
9.657637476838447e-28
9.865389276376582e-28
1.0077155743020753e-27
1.0292988192203125e-27
1.0512938398465719e-27
1.0737058598957512e-27
1.0965401496955997e-27
1.119802026541353e-27
1.1434968550528546e-27
1.167630047534164e-27
1.1922070643357063e-27
1.2172334142189382e-27
1.2427146547235769e-27
1.2686563925374052e-27
1.2950642838686351e-27
1.3219440348209195e-27
1.3493014017709385e-27
1.3771421917486718e-27
1.4054722628202877e-27
1.4342975244737226e-27
1.4636239380069733e-27
1.4934575169190561e-27
1.523804327303731e-27
1.5546704882459702e-27
1.5860621722211598e-27
1.6179856054971257e-27
1.6504470685389348e-27
1.6834528964165292e-27
1.7170094792152e-27
1.751123262448905e-27
1.785800747476491e-27
1.8210484919207822e-27
1.856873110090615e-27
1.8932812734057805e-27
1.9302797108249493e-27
1.967875209276544e-27
2.0060746140926232e-27
2.044884829445786e-27
2.0843128187890866e-27
2.1243656052990386e-27
2.165050272321665e-27
2.2063739638216378e-27
2.248343884834584e-27
2.2909673019224663e-27
2.334251543632174e-27
2.378204000957253e-27
2.4228321278028538e-27
2.4681434414539152e-27
2.5141455230465434e-27
2.560846018042737e-27
2.6082526367082916e-27
2.6563731545941253e-27
2.7052154130208264e-27
2.754787319566642e-27
2.805096848558788e-27
2.8561520415681827e-27
2.907961007907565e-27
2.960531925133116e-27
3.013873039549464e-27
3.0679926667182604e-27
3.1228991919702136e-27
3.1786010709206476e-27
3.235106829988677e-27
3.292425066919908e-27
3.350564451312781e-27
3.409533725148499e-27
3.4693417033246495e-27
3.529997274192517e-27
3.591509400098015e-27
3.653887117926443e-27
3.7171395396509426e-27
3.781275852884712e-27
3.846305321437096e-27
3.9122372858733926e-27
3.979081164078614e-27
4.046846451825073e-27
4.115542723343863e-27
4.1851796319003176e-27
4.255766910373334e-27
4.327314371838795e-27
4.399831910156897e-27
4.473329500563561e-27
4.5478172002658914e-27
4.62330514904172e-27
4.6998035698432746e-27
4.777322769404977e-27
4.855873138855391e-27
4.9354651543334325e-27
5.01610937760872e-27
5.097816456706244e-27
5.180597126535246e-27
5.264462209522491e-27
5.349422616249833e-27
5.4354893460960936e-27
5.522673487883442e-27
5.6109862205280974e-27
5.700438813695578e-27
5.791042628460333e-27
5.8828091179699634e-27
5.975749828113928e-27
6.069876398196863e-27
6.1652005616165104e-27
6.26173414654619e-27
6.359489076622047e-27
6.458477371634932e-27
6.558711148226996e-27
6.660202620593068e-27
6.762964101186805e-27
6.867008001431676e-27
6.972346832436766e-27
7.07899320571746e-27
7.186959833921117e-27
7.29625953155754e-27
7.406905215734592e-27
7.518909906898733e-27
7.632286729580551e-27
7.747048913145503e-27
7.86320979254967e-27
7.980782809100659e-27
8.099781511223752e-27
8.220219555233169e-27
8.34211070610869e-27
8.465468838277406e-27
8.590307936401e-27
8.716642096168143e-27
8.84448552509245e-27
8.97385254331577e-27
9.104757584416989e-27
9.237215196226265e-27
9.371240041644806e-27
9.506846899470281e-27
9.644050665227753e-27
9.782866352006285e-27
9.923309091301178e-27
1.0065394133862011e-26
1.0209136850546381e-26
1.0354552733179346e-26
1.05016573954189e-26
1.0650466573627088e-26
1.6933789120298578e-26
2.388980366903927e-26
3.083724285397837e-26
3.777604664026253e-26
4.4706155020857345e-26
5.16275080192588e-26
5.854004569224098e-26
6.544370813263461e-26
7.23384354721262e-26
7.922416788409823e-26
8.610084558649142e-26
9.296840884470196e-26
9.982679797450797e-26
1.0667595334502438e-25
1.13515815381696e-25
1.2034632456931002e-25
1.271674214550569e-25
1.339790466516063e-25
1.4078114084022537e-25
1.4757364477392807e-25
1.5435649928065345e-25
1.6112964526648224e-25
1.6789302371888104e-25
1.7464657570998389e-25
1.8139024239990873e-25
1.8812396504010136e-25
1.9484768497672129e-25
2.0156134365405753e-25
2.08264882617981e-25
2.1495824351943244e-25
2.216413681179417e-25
2.283141982851904e-25
2.349766760086033e-25
2.4162874339497813e-25
2.4827034267415587e-25
2.549014162027194e-25
2.615219064677407e-25
2.6813175609055247e-25
2.747309078305695e-25
2.8131930458914004e-25
2.878968894134377e-25
2.9446360550039497e-25
3.010193962006693e-25
3.0756420502265503e-25
3.1409797563653233e-25
3.2062065187835087e-25
3.271321777541653e-25
3.3363249744419734e-25
3.401215553070512e-25
3.465992958839617e-25
3.530656639030848e-25
3.595206042838354e-25
3.659640621412602e-25
3.7239598279045835e-25
3.788163117510413e-25
3.852249947516374e-25
3.916219777344395e-25
3.9800720685979493e-25
4.043806285108446e-25
4.107421892981978e-25
4.170918360646608e-25
4.234295158900044e-25
4.297551760957794e-25
4.360687642501777e-25
4.423702281729396e-25
4.4865951594030645e-25
4.549365758900226e-25
4.612013566263809e-25
4.674538070253199e-25
4.736938762395659e-25
4.799215137038248e-25
4.861366691400247e-25
4.923392925625993e-25
4.985293342838336e-25
5.04706744919248e-25
5.108714753930391e-25
5.170234769435689e-25
5.231627011289042e-25
5.292890998324104e-25
5.354026252683935e-25
5.4150322998779675e-25
5.475908668839503e-25
5.536654891983682e-25
5.597270505266091e-25
5.657755048241802e-25
5.718108064125024e-25
5.778329099849273e-25
5.838417706128088e-25
5.898373437516326e-25
5.958195852471975e-25
6.017884513418584e-25
6.077438986808205e-25
6.136858843184959e-25
6.1961436572491255e-25
6.255293007921842e-25
6.3143064784104175e-25
6.373183656274154e-25
6.431924133490842e-25
6.490527506523823e-25
6.54899337638962e-25
6.607321348726263e-25
6.665511033862118e-25
6.723562046885424e-25
6.781474007714399e-25
6.839246541167984e-25
6.896879277037235e-25
6.954371850157309e-25
7.011723900480143e-25
7.068935073147752e-25
7.126005018566135e-25
7.1829333924799375e-25
7.239719856047649e-25
7.296364075917592e-25
7.352865724304465e-25
7.409224479066645e-25
7.465440023784107e-25
7.5215120478371e-25
7.577440246485412e-25
7.633224320948454e-25
7.688863978485922e-25
7.744358932479257e-25
7.799708902513774e-25
7.854913614461473e-25
7.909972800564683e-25
7.964886199520293e-25
8.019653556564827e-25
8.07427462356019e-25
8.128749159080173e-25
8.183076928497737e-25
8.23725770407301e-25
8.291291265042068e-25
8.34517739770647e-25
8.398915895523557e-25
8.452506559197567e-25
8.505949196771478e-25
8.559243623719687e-25
8.61238966304145e-25
8.665387145355116e-25
8.718235908993235e-25
8.770935800098389e-25
8.823486672719888e-25
8.875888388911295e-25
8.928140818828744e-25
8.980243840830155e-25
9.032197341575225e-25
9.08400121612632e-25
9.135655368050186e-25
9.187159709520541e-25
9.238514161421522e-25
9.289718653452043e-25
9.340773124230965e-25
9.391677521403226e-25
9.44243180174679e-25
9.493035931280586e-25
9.54348988537327e-25
9.593793648852952e-25
9.643947216117816e-25
9.693950591247669e-25
9.743803788116457e-25
9.79350683050568e-25
9.843059752218767e-25
9.892462597196423e-25
9.941715419632884e-25
9.99081828409325e-25
1.0039771265631644e-24
1.00885744499105e-24
1.0137227933320713e-24
1.0185731823102891e-24
1.0234086237469548e-24
1.0282291305728328e-24
1.0330347168406248e-24
1.037825397737495e-24
1.0426011895977037e-24
1.0473621099153392e-24
1.052108177357157e-24
1.056839411775526e-24
1.061555834221477e-24
1.0662574669578657e-24
1.0709443334726355e-24
1.0756164584921945e-24
1.0802738679948996e-24
1.0849165892246515e-24
1.0895446507046019e-24
1.0941580822509713e-24
1.0987569149869806e-24
1.1033411813568962e-24
1.107910915140185e-24
1.112466151465795e-24
1.1170069268265424e-24
1.1215332790936178e-24
1.126045247531215e-24
1.1305428728112692e-24
1.1350261970283266e-24
1.139495263714523e-24
1.143950117854691e-24
1.1483908059015867e-24
1.1528173757912365e-24
1.1572298769584149e-24
1.1616283603522415e-24
1.1660128784519031e-24
1.1703834852825071e-24
1.1747402364310559e-24
1.1790831890625575e-24
1.1834124019362579e-24
1.1877279354220084e-24
1.1920298515167635e-24
1.1963182138612067e-24
1.200593087756516e-24
1.2048545401812597e-24
1.2091026398084264e-24
1.2133374570225924e-24
1.2175590639372261e-24
1.2217675344121295e-24
1.2259629440710203e-24
1.2301453703192507e-24
1.2343148923616705e-24
1.2384715912206287e-24
1.2426155497541224e-24
1.2467468526740857e-24
1.2508655865648239e-24
1.2549718399015974e-24
1.2590657030693473e-24
1.2631472683815728e-24
1.2672166300993576e-24
1.271273884450544e-24
1.2753191296490622e-24
1.2793524659144045e-24
1.2833739954912658e-24
1.287383822669324e-24
1.2913820538031867e-24
1.2953687973324902e-24
1.299344163802155e-24
1.303308265882806e-24
1.307261218391346e-24
1.3112031383116956e-24
1.3151341448156911e-24
1.319054359284151e-24
1.3229639053281034e-24
1.3268629088101805e-24
1.3307514978661797e-24
1.334629802926793e-24
1.3384979567395078e-24
1.3423560943906764e-24
1.3462043533277543e-24
1.3500428733817212e-24
1.3538717967896631e-24
1.357691268217542e-24
1.3615014347831354e-24
1.3653024460791555e-24
1.3690944541965475e-24
1.3728776137479686e-24
1.3766520818914512e-24
1.3804180183542442e-24
1.384175585456842e-24
1.3879249481372019e-24
1.3916662739751391e-24
1.3953997332169217e-24
1.3991254988000479e-24
1.4028437463782159e-24
1.4065546543464872e-24
1.4102584038666414e-24
1.4139551788927287e-24
1.4176451661968177e-24
1.4213285553949403e-24
1.425005538973237e-24
1.4286763123143005e-24
1.4323410737237257e-24
1.4360000244568594e-24
1.4396533687457552e-24
1.4433013138263363e-24
1.4469440699657644e-24
1.4505818504900207e-24
1.4542148718116928e-24
1.4578433534579786e-24
1.461467518098902e-24
1.46508759157574e-24
1.4687038029296743e-24
1.4723163844306553e-24
1.4759255716064851e-24
1.47953160327213e-24
1.4831347215592388e-24
1.4867351719459085e-24
1.4903332032866569e-24
1.4939290678426298e-24
1.4975230213120385e-24
1.5011153228608275e-24
1.5047062351535707e-24
1.5082960243846077e-24
1.5118849603094092e-24
1.515473316276185e-24
1.5190613692577278e-24
1.5226493998834973e-24
1.5262376924719512e-24
1.5298265350631113e-24
1.5334162194513838e-24
1.5370070412186239e-24
1.5405992997674455e-24
1.5441932983547891e-24
1.5477893441257363e-24
1.5513877481475793e-24
1.5549888254441509e-24
1.558592895030406e-24
1.5622002799472679e-24
1.5658113072967336e-24
1.569426308277239e-24
1.5730456182193003e-24
1.5766695766214077e-24
1.5802985271861983e-24
1.5839328178568957e-24
1.5875728008540232e-24
1.5912188327123887e-24
1.5948712743183519e-24
1.598530490947362e-24
1.6021968523017829e-24
1.605870732548993e-24
1.6095525103597763e-24
1.6132425689469955e-24
1.6169412961045536e-24
1.6206490842466455e-24
1.6243663304473005e-24
1.628093436480224e-24
1.6318308088589262e-24
1.635578858877159e-24
1.639338002649645e-24
1.6431086611531097e-24
1.646891260267627e-24
1.650686230818258e-24
1.6544940086170064e-24
1.6583150345050833e-24
1.662149754395484e-24
1.6659986193158777e-24
1.669862085451821e-24
1.673740614190283e-24
1.6776346721634947e-24
1.6815447312931245e-24
1.685471268834779e-24
1.6894147674228268e-24
1.69337571511556e-24
1.6973546054406845e-24
1.701351937441144e-24
1.7053682157212885e-24
1.7094039504933706e-24
1.7134596576243984e-24
1.7175358586833167e-24
1.7216330809885484e-24
1.7257518576558787e-24
1.7298927276466947e-24
1.7340562358165675e-24
1.73824293296421e-24
1.742453375880774e-24
1.7466881273995233e-24
1.750947756445862e-24
1.7552328380877293e-24
1.759543953586373e-24
1.7638816904474742e-24
1.7682466424726734e-24
1.7726394098114437e-24
1.777060599013366e-24
1.7815108230807736e-24
1.7859907015217837e-24
1.7905008604037195e-24
1.795041932406914e-24
1.799614556878913e-24
1.80421937988907e-24
1.8088570542835394e-24
1.813528239740667e-24
1.8182336028267877e-24
1.822973817052429e-24
1.8277495629289155e-24
1.8325615280253965e-24
1.837410407026276e-24
1.8422969017890694e-24
1.8472217214026746e-24
1.8521855822460605e-24
1.8571892080473986e-24
1.862233329943601e-24
1.867318686540307e-24
1.8724460239722948e-24
1.8776160959643325e-24
1.8828296638924712e-24
1.8880874968457776e-24
1.893390371688518e-24
1.8987390731227894e-24
1.9041343937515947e-24
1.909577134142389e-24
1.915068102891077e-24
1.9206081166864623e-24
1.9261980003751812e-24
1.931838587027083e-24
1.9375307180011006e-24
1.943275243011586e-24
1.94907302019512e-24
1.954924916177809e-24
1.9608318061430634e-24
1.9667945738998692e-24
1.9728141119515347e-24
1.9788913215649514e-24
1.9850271128403354e-24
1.991222404781478e-24
1.997478125366503e-24
2.00379521161912e-24
2.0101746096804037e-24
2.016617274881073e-24
2.023124171814297e-24
2.0296962744090286e-24
2.0363345660038377e-24
2.0430400394213095e-24
2.0498136970429408e-24
2.0566565508845928e-24
2.0635696226724796e-24
2.0705539439196927e-24
2.0776105560032797e-24
2.08474051024187e-24
2.0919448679738502e-24
2.099224700636114e-24
2.1065810898433478e-24
2.11401512746791e-24
2.1215279157202528e-24
2.1291205672299365e-24
2.1367942051272146e-24
2.1445499631251967e-24
2.1523889856025997e-24
2.160312427687085e-24
2.168321455339194e-24
2.1764172454368717e-24
2.1846009858606005e-24
2.192873875579132e-24
2.2012371247358236e-24
2.209691954735608e-24
2.2182395983325535e-24
2.2268812997180656e-24
2.235618314609702e-24
2.2444519103406214e-24
2.2533833659496734e-24
2.2624139722721136e-24
2.2715450320309687e-24
2.2807778599290488e-24
2.290113782741607e-24
2.2995541394096576e-24
2.3091002811339575e-24
2.3187535714696417e-24
2.328515386421537e-24
2.3383871145401452e-24
2.348370157018307e-24
2.358465927788545e-24
2.3686758536210962e-24
2.3790013742226335e-24
2.3894439423356834e-24
2.4000050238387542e-24
2.4106860978471536e-24
2.4214886568145316e-24
2.432414206635129e-24
2.4434642667467472e-24
2.4546403702344493e-24
2.4659440639349895e-24
2.4773769085419627e-24
2.488940478711718e-24
2.500636363169994e-24
2.5124661648193207e-24
2.524431500847165e-24
2.536534002834837e-24
2.548775316867172e-24
2.56115710364296e-24
2.5736810385861826e-24
2.5863488119579917e-24
2.5991621289695063e-24
2.612122709895386e-24
2.6252322901881892e-24
2.6384926205935636e-24
2.6519054672662064e-24
2.665472611886668e-24
2.6791958517789535e-24
2.6930770000289474e-24
2.7071178856036853e-24
2.7213203534714407e-24
2.7356862647226533e-24
2.750217496691714e-24
2.7649159430795877e-24
2.779783514077297e-24
2.7948221364902785e-24
2.81003375386359e-24
2.8254203266080026e-24
2.8409838321269588e-24
2.8567262649444474e-24
2.872649636833726e-24
2.8887559769469843e-24
2.905047331945872e-24
2.9215257661329622e-24
2.9381933615841255e-24
2.955052218281817e-24
2.972104454249298e-24
2.9893522056857835e-24
3.0067976271025477e-24
3.0244428914599577e-24
3.0422901903054637e-24
3.0603417339125574e-24
3.078599751420674e-24
3.097066490976107e-24
3.115744219873852e-24
3.13463522470047e-24
3.153741811477928e-24
3.1730663058084347e-24
3.192611053020298e-24
3.2123784183147744e-24
3.2323707869139476e-24
3.2525905642096272e-24
3.273040175913268e-24
3.293722068206967e-24
3.3146387078954555e-24
3.335792582559177e-24
3.3571862007084114e-24
3.378822091938464e-24
3.4007028070859444e-24
3.4228309183860995e-24
3.445209019631257e-24
3.467839726330362e-24
3.4907256758695864e-24
3.51386952767409e-24
3.537273963370879e-24
3.5609416869527815e-24
3.584875424943565e-24
3.6090779265641856e-24
3.633551963900199e-24
3.6583003320703085e-24
3.683325849396085e-24
3.708631357572859e-24
3.734219721841765e-24
3.7600938311630244e-24
3.786256598390361e-24
3.812710960446664e-24
3.8394598785008315e-24
3.866506338145837e-24
3.893853349578044e-24
3.921503947777716e-24
3.949461192690803e-24
3.9777281694119506e-24
4.0063079883687806e-24
4.0352037855074376e-24
4.064418722479419e-24
4.093955986829648e-24
4.123818792185915e-24
4.1540103784495126e-24
4.184534011987292e-24
4.215392985824952e-24
4.246590619841699e-24
4.278130260966227e-24
4.310015283374034e-24
4.3422490886861025e-24
4.374835106168953e-24
4.407776792936038e-24
4.441077634150534e-24
4.474741143229517e-24
4.508770862049553e-24
4.5431703611536666e-24
4.5779432399597405e-24
4.613093126970342e-24
4.64862367998399e-24
